%I335T
% thrust_data.m
% Motor: Aerotech I357T
% Source: ThrustCurve.org


time_thrust = [0, 0.028, 0.087, 0.147, 0.206, 0.266, 0.325, 0.384, ...
               0.444, 0.503, 0.563, 0.622, 0.681, 0.741, 0.800, ...
               0.859, 0.919, 0.978, 1.037, 1.097, 1.156, 1.216, ...
               1.275, 1.334, 1.394, 1.454, 1.515];

thrust_N    = [0, 311.629, 351.768, 349.074, 346.175, 341.229, 336.857, 333.748, ...
               326.960, 319.679, 312.533, 300.790, 292.787, 283.766, 274.578, ...
               264.915, 254.273, 241.755, 229.020, 216.238, 187.776, 109.940, ...
               56.459,  24.476,  10.977,   3.450,   0.000];